0 145
0 383
0 361
0 94
0 393
0 15
0 193
0 85
1 147
1 56
1 148
1 73
1 130
1 53
1 367
2 123
2 224
2 325
2 185
2 233
2 446
2 276
2 139
2 332
2 213
2 74
3 45
3 11
3 157
3 136
3 188
4 346
4 445
4 307
4 343
4 223
4 80
4 428
4 305
4 437
4 126
5 444
5 123
5 54
5 29
5 91
5 18
5 209
5 342
5 164
5 393
5 280
5 239
6 24
6 182
6 47
7 253
7 105
7 341
7 65
7 431
7 192
8 200
8 310
8 386
8 268
8 49
8 406
9 436
9 337
9 435
9 246
10 66
10 351
10 193
10 315
10 291
10 134
10 428
10 138
10 245
10 100
10 54
11 395
11 336
11 156
11 54
11 276
11 231
11 101
11 239
12 392
12 447
12 109
12 323
12 198
12 105
13 86
13 446
13 396
13 370
13 162
13 202
13 135
13 122
13 90
13 343
13 433
13 174
14 238
14 370
14 251
14 340
14 67
14 33
14 28
14 226
14 227
14 102
14 198
15 359
15 376
15 268
15 426
15 183
15 325
15 387
15 343
15 315
15 347
15 205
16 423
16 258
16 77
16 377
16 232
16 357
16 443
17 375
17 303
17 92
17 360
17 71
17 327
17 313
17 90
17 283
17 134
17 323
17 110
17 348
17 357
18 152
18 156
18 357
18 365
18 380
18 209
19 149
19 56
19 185
19 38
19 423
19 122
19 50
19 160
19 163
19 224
19 217
19 123
19 51
20 197
20 426
20 259
20 142
20 312
20 393
20 54
21 66
21 293
21 444
21 372
21 173
21 65
22 430
22 231
22 26
22 38
22 192
22 80
22 434
22 227
22 356
23 124
23 87
23 404
23 56
23 174
23 429
23 390
23 142
24 250
24 133
24 395
24 84
24 314
24 87
25 145
25 84
25 259
25 347
25 53
25 423
25 110
26 108
26 400
26 285
26 48
26 241
26 142
26 98
26 346
27 157
27 433
27 246
27 52
27 383
27 213
28 373
28 100
28 336
28 201
28 297
29 94
29 62
29 167
29 311
29 341
30 245
30 442
30 122
30 348
30 231
31 175
31 293
31 267
31 128
31 201
32 95
32 433
32 352
32 334
32 123
32 349
33 179
33 328
33 405
33 284
33 190
33 335
33 242
33 319
33 250
34 365
34 315
34 295
35 319
35 192
36 303
36 89
36 259
37 66
37 389
37 209
37 272
37 166
37 103
37 447
37 113
37 363
37 419
37 178
37 270
37 334
37 343
38 228
38 235
38 249
38 233
38 118
38 350
39 50
39 341
39 443
39 307
39 96
39 407
39 45
39 262
39 232
39 152
39 357
39 379
40 223
40 166
40 125
40 86
40 68
40 94
41 74
41 170
41 128
41 286
41 449
41 49
41 231
41 232
42 91
42 155
42 290
42 149
43 171
43 308
43 424
43 441
44 446
44 82
44 122
44 294
44 277
44 68
44 143
45 162
45 145
45 378
45 319
45 161
45 445
46 426
46 315
46 101
46 160
46 65
46 391
47 402
47 405
47 239
47 235
47 315
47 245
47 299
48 449
48 304
48 445
48 101
48 207
48 294
49 427
49 368
49 253
49 415
49 297
49 283
49 144
49 371
49 423
49 200
50 104
50 289
50 83
50 332
50 70
50 182
50 265
50 245
50 122
50 85
50 129
51 128
51 262
51 292
51 281
51 224
52 440
52 365
52 71
52 343
52 443
52 155
53 93
53 278
53 407
53 284
53 99
53 344
53 207
53 427
54 72
54 189
54 143
54 445
54 97
54 265
54 422
54 340
54 82
54 274
55 151
55 130
55 362
56 401
56 354
56 156
56 101
56 445
56 236
56 218
56 356
57 308
57 274
57 230
57 197
58 170
58 309
58 435
58 380
58 244
58 148
58 62
59 293
59 361
59 402
59 323
59 376
59 181
60 367
60 284
60 179
60 94
61 402
61 361
61 421
61 164
61 110
62 167
62 261
62 209
62 132
62 424
62 281
62 433
63 227
63 184
63 360
63 215
63 99
63 146
64 274
64 370
64 294
64 166
64 180
64 249
64 216
65 237
65 78
65 238
65 367
66 126
66 359
66 140
66 326
66 424
66 131
66 327
66 355
66 336
67 277
67 400
67 196
67 276
67 159
67 354
67 442
68 444
68 232
68 308
68 102
68 138
68 178
69 190
69 216
70 134
70 196
70 277
70 292
70 371
70 335
71 310
71 338
71 243
72 231
72 317
72 109
72 227
72 279
72 437
73 421
73 340
73 320
73 106
73 401
73 319
73 145
73 234
73 328
73 310
74 91
74 395
74 213
74 290
74 443
74 262
74 300
74 439
74 261
74 341
75 177
75 99
75 358
75 374
75 153
75 205
76 310
76 449
76 157
76 84
76 112
76 366
77 279
77 78
77 405
77 251
77 323
77 213
77 274
77 204
78 105
78 382
78 350
78 386
78 271
78 80
78 146
78 218
79 226
79 223
79 344
79 252
79 275
79 163
80 203
81 115
81 372
81 186
81 431
81 335
81 375
82 365
82 258
82 285
82 173
82 362
82 97
82 221
83 378
83 443
83 326
83 251
83 289
84 225
84 181
84 183
84 421
84 278
84 356
85 433
85 226
85 296
85 178
85 308
85 122
85 132
85 134
86 392
86 275
86 333
86 417
86 422
86 415
86 362
86 440
87 110
87 329
87 129
87 201
87 286
87 217
87 236
87 99
88 301
88 247
88 198
88 382
88 91
88 332
88 220
88 127
88 136
89 230
89 374
89 366
89 392
90 220
90 385
90 151
90 263
90 177
90 149
90 135
90 448
91 328
91 260
91 181
91 101
91 123
92 328
92 193
92 219
92 221
92 358
93 349
93 416
93 410
93 294
93 252
93 342
94 436
94 145
94 362
94 262
94 408
94 341
95 197
95 357
96 201
96 190
96 256
96 300
96 327
96 108
97 280
97 363
97 313
97 369
97 271
97 403
97 433
98 114
98 205
98 430
98 133
98 224
98 421
98 397
98 378
98 99
98 429
99 160
99 393
100 401
100 240
100 359
100 186
100 414
101 431
101 424
101 417
101 208
101 359
101 286
101 390
101 229
101 250
102 154
102 359
102 328
102 374
103 159
103 416
103 237
103 186
103 387
103 386
103 194
104 380
104 232
104 189
104 316
104 263
104 374
104 332
105 400
105 423
105 434
105 270
105 138
106 441
106 318
106 449
107 143
107 168
107 254
107 319
107 162
107 447
108 164
108 162
108 227
108 388
109 191
109 208
109 336
109 243
109 218
109 380
110 400
110 436
111 300
111 245
111 165
111 319
112 154
112 377
112 208
112 291
112 139
113 266
113 408
113 182
113 140
114 237
114 247
114 142
114 273
114 276
114 327
115 188
115 300
115 243
115 349
115 129
115 447
115 377
115 182
116 164
116 274
116 235
116 167
116 289
117 349
117 292
117 188
117 273
117 137
118 263
119 342
119 259
119 256
119 266
119 352
119 377
119 305
120 202
120 220
120 308
120 380
121 344
121 271
121 184
121 392
121 204
121 299
121 140
121 198
121 185
122 346
122 417
122 349
122 159
122 321
122 382
122 440
122 398
122 312
122 355
122 130
123 213
123 278
123 367
123 331
123 143
123 277
124 162
124 176
124 245
124 251
124 280
124 275
124 173
124 213
125 235
125 315
125 249
125 346
125 145
125 222
125 334
125 151
125 180
125 182
126 389
126 195
126 428
126 281
126 276
126 316
127 271
127 326
127 280
127 279
127 369
127 404
127 170
127 206
127 165
127 428
127 283
127 226
128 154
128 431
128 142
129 293
129 233
129 357
129 345
129 383
129 412
129 436
130 234
130 344
130 406
130 391
130 272
130 351
130 373
130 275
130 448
131 298
131 443
131 262
131 339
131 158
131 271
132 408
132 318
132 389
132 253
132 282
132 246
132 435
132 158
133 364
133 270
133 318
133 289
133 149
133 204
133 376
134 422
134 290
134 206
134 302
134 356
135 137
135 399
135 211
135 231
135 264
135 147
136 274
136 321
136 265
136 327
136 319
136 329
136 387
136 422
137 445
137 222
137 237
137 384
137 371
137 378
137 236
137 293
137 297
138 298
138 296
138 402
138 393
138 399
138 366
139 353
139 165
139 410
139 230
139 431
139 358
139 195
139 400
140 371
140 343
140 425
140 446
141 371
141 313
141 386
141 420
142 426
142 164
142 215
142 377
142 146
143 233
143 165
143 167
143 283
143 183
143 323
144 233
144 444
144 434
144 188
145 384
145 391
146 328
146 336
147 331
147 354
147 325
147 413
147 405
147 429
147 390
147 178
147 384
147 301
148 196
148 447
148 437
148 249
148 306
148 231
149 185
149 188
149 284
149 398
150 431
150 216
150 376
150 207
150 311
151 443
151 213
151 261
151 331
151 153
151 163
152 267
152 381
152 248
152 410
152 315
152 367
152 414
152 281
152 391
152 218
152 153
152 242
153 275
153 366
153 431
153 417
153 445
153 439
154 428
154 155
154 291
155 337
155 220
155 304
156 381
156 285
156 314
156 253
157 210
157 308
157 158
157 386
157 361
157 332
158 234
158 275
158 314
159 333
159 197
159 410
159 286
159 339
159 381
159 297
160 436
160 189
161 178
161 230
161 330
161 386
161 288
161 298
161 339
161 387
162 226
162 205
162 232
162 362
162 194
162 287
163 431
163 252
163 279
163 175
163 358
163 314
164 315
164 444
164 182
164 181
164 190
165 398
165 401
165 375
165 447
165 233
166 391
166 410
166 182
166 420
166 261
166 310
166 223
167 327
167 264
167 397
167 205
167 411
167 284
168 292
168 240
168 300
168 180
169 249
169 430
169 254
170 437
170 177
170 184
171 446
171 433
171 217
171 412
171 440
172 253
172 210
172 226
172 274
172 370
172 428
172 198
172 352
172 427
172 232
172 435
173 267
173 262
173 378
173 286
174 287
174 308
175 227
175 360
175 411
175 272
175 403
176 373
176 307
176 378
177 322
177 354
177 251
177 276
177 250
178 251
178 260
178 360
178 338
178 428
179 260
179 195
180 401
180 204
180 244
180 416
181 363
181 428
181 409
181 269
182 380
182 438
182 222
182 199
182 256
182 372
182 327
182 271
182 299
183 356
183 239
184 293
184 384
184 435
184 400
184 295
185 343
186 301
186 327
186 278
186 222
186 318
186 329
187 203
187 262
187 361
188 394
188 443
188 441
188 347
188 199
189 383
189 254
189 318
189 381
190 408
190 289
190 249
190 265
191 265
191 323
191 202
191 260
191 211
191 256
192 449
192 321
192 425
192 209
193 254
193 287
193 237
193 335
193 211
193 261
193 359
194 376
194 214
194 291
194 267
194 257
194 405
194 216
194 365
195 251
195 409
196 229
196 295
196 271
196 381
196 351
197 273
197 403
197 304
197 221
197 307
198 431
199 421
199 408
199 248
199 312
200 427
200 425
201 263
201 382
201 208
202 207
202 232
204 414
204 216
204 411
204 222
205 303
205 406
205 311
205 215
206 365
206 264
206 229
206 299
207 283
207 225
208 345
208 333
208 406
208 413
208 380
209 263
209 445
209 438
209 405
209 279
209 268
209 399
209 366
209 397
209 256
209 250
210 220
210 361
210 439
211 230
211 249
211 332
211 369
211 367
211 247
212 219
212 410
212 246
212 337
212 400
212 383
213 310
213 283
213 350
213 416
213 246
213 379
214 340
214 415
214 236
214 410
214 238
214 381
214 227
214 261
215 357
216 281
216 303
216 309
217 252
218 434
218 424
218 433
218 235
218 274
218 354
220 319
220 346
221 349
221 399
221 430
221 289
222 448
222 257
222 383
222 316
223 242
223 425
223 447
224 227
224 399
224 411
225 237
225 370
225 409
226 305
226 276
226 325
226 343
226 270
226 435
227 365
227 370
227 372
227 392
227 238
228 430
228 434
228 398
228 281
228 273
229 358
229 408
229 337
230 419
230 242
231 232
232 446
232 418
232 325
232 435
233 435
233 347
233 376
233 298
233 317
233 309
234 347
234 424
234 400
235 322
236 321
236 422
236 354
236 420
237 288
237 358
237 320
237 291
237 253
237 265
237 238
238 303
238 383
238 412
239 242
240 354
240 423
240 249
240 273
241 372
241 353
241 406
241 402
242 422
242 435
243 333
243 251
243 377
243 412
243 294
243 396
244 276
244 374
244 426
244 415
244 305
244 434
245 258
245 260
245 405
245 311
246 376
246 387
247 336
247 444
247 385
247 432
248 364
248 408
248 436
248 307
248 255
248 317
249 251
249 363
249 449
249 360
249 434
250 337
250 347
250 283
250 325
250 252
251 375
251 403
251 343
251 253
251 320
252 444
252 389
252 435
252 266
253 378
253 284
253 344
253 363
254 294
254 318
254 427
254 268
254 405
255 353
255 316
255 420
256 332
256 443
256 325
256 373
257 274
257 382
257 296
257 265
258 405
258 275
258 370
259 333
259 372
259 324
259 280
260 398
260 342
260 377
260 273
260 384
260 296
261 316
262 417
263 449
263 359
264 283
264 312
264 420
265 322
265 357
265 318
266 319
267 379
267 314
267 315
267 353
268 321
268 400
268 443
269 446
269 270
269 340
269 365
269 374
271 279
271 408
271 336
272 319
272 340
273 290
273 415
273 384
274 336
274 413
275 347
276 341
277 311
277 402
277 347
278 436
278 309
278 303
278 311
278 344
279 341
279 402
280 330
280 336
282 332
282 304
282 387
282 393
282 285
283 426
283 441
284 351
284 368
285 310
285 417
285 356
285 362
286 424
286 314
287 355
288 289
288 387
288 394
289 436
290 324
290 316
290 330
290 441
290 318
290 311
291 369
291 424
291 360
292 425
292 439
292 393
294 305
294 299
295 376
295 403
295 395
295 373
295 375
296 402
296 321
297 386
297 373
298 360
298 351
298 431
298 440
298 423
299 400
300 312
300 397
300 413
300 406
300 414
301 416
301 348
302 374
302 421
302 328
302 415
303 399
303 407
304 389
305 438
305 318
305 378
306 432
306 435
307 371
307 315
307 377
307 346
307 389
308 367
308 401
308 445
308 435
308 429
309 368
309 345
309 385
309 402
310 407
311 429
311 408
312 421
313 386
314 333
314 337
314 359
315 437
315 429
315 316
316 340
317 344
318 386
318 441
319 373
319 400
320 438
320 338
321 329
321 448
322 324
322 410
323 443
323 334
323 342
324 447
324 372
324 392
324 389
325 352
327 403
328 417
328 429
328 449
328 346
329 410
329 381
330 382
330 434
330 400
330 409
330 441
330 341
332 393
332 372
333 437
333 364
333 438
333 378
334 353
334 422
334 342
336 347
336 386
337 437
337 438
338 440
340 438
340 446
341 405
341 350
341 360
341 365
342 435
342 390
342 354
343 447
343 410
344 445
346 387
348 418
348 429
349 444
349 358
349 416
350 400
351 390
351 369
351 427
351 431
352 409
352 354
353 368
353 443
353 355
353 410
354 391
355 397
356 357
356 418
357 410
359 367
359 422
359 411
360 383
361 392
361 364
361 377
361 423
362 415
362 400
362 427
362 363
364 373
365 423
366 398
367 404
367 383
367 407
369 410
370 378
370 390
370 431
371 373
372 374
372 416
373 438
373 427
375 407
376 418
376 398
377 402
377 436
379 429
379 421
379 388
385 386
387 392
389 395
389 433
389 429
390 401
390 395
391 427
392 442
393 431
395 441
397 408
397 423
397 405
401 436
401 416
402 407
402 428
403 406
404 429
405 406
406 420
407 448
408 436
408 409
409 423
410 442
410 443
411 418
414 442
415 434
416 438
422 430
429 440
435 442
437 438
439 449
445 447
